167 0 1 1
173 0 -1 1
179 0 1 1
181 1 1 1
191 2 1 1
193 3 1 1
197 4 1 1
199 5 1 1
211 5 -1 1
223 5 1 1
227 0 1 2
229 1 1 2
233 2 1 2
239 2 -1 2
241 1 -1 2
251 0 -1 2
257 0 1 2
263 0 -1 2
269 0 1 2
271 1 1 2
277 1 -1 2
281 0 -1 2
283 5 -1 1
293 4 -1 1
307 3 -1 1
311 2 -1 1
313 1 -1 1
317 0 -1 1
331 5 -1 0
337 5 1 0
347 0 1 1
349 1 1 1
353 2 1 1
359 2 -1 1
367 1 -1 1
373 1 1 1
379 1 -1 1
383 0 -1 1
389 0 1 1
397 1 1 1
401 2 1 1
409 3 1 1
419 4 1 1
421 5 1 1
431 0 1 2
433 1 1 2
439 1 -1 2
443 0 -1 2
449 0 1 2
457 1 1 2
461 2 1 2
463 3 1 2
467 4 1 2
479 4 -1 2
487 3 -1 2
491 2 -1 2
499 1 -1 2
503 0 -1 2
509 0 1 2
521 0 -1 2
