523 5 -1 1
541 5 1 1
547 5 -1 1
557 4 -1 1
563 4 1 1
569 4 -1 1
571 3 -1 1
577 3 1 1
587 4 1 1
593 4 -1 1
599 4 1 1
601 5 1 1
607 5 -1 1
613 5 1 1
617 0 1 2
619 1 1 2
631 1 -1 2
641 0 -1 2
643 5 -1 1
647 4 -1 1
653 4 1 1
659 4 -1 1
661 3 -1 1
673 3 1 1
677 4 1 1
683 4 -1 1
691 3 -1 1
701 2 -1 1
709 1 -1 1
719 0 -1 1
727 5 -1 0
733 5 1 0
739 5 -1 0
743 4 -1 0
751 3 -1 0
757 3 1 0
761 4 1 0
769 5 1 0
773 0 1 1
787 1 1 1
797 2 1 1
809 2 -1 1
811 1 -1 1
821 0 -1 1
823 5 -1 0
827 4 -1 0
829 3 -1 0
839 2 -1 0
853 1 -1 0
857 0 -1 0
859 5 -1 -1
863 4 -1 -1
877 3 -1 -1
881 2 -1 -1
883 1 -1 -1
887 0 -1 -1
907 5 -1 -2
911 4 -1 -2
919 3 -1 -2
929 2 -1 -2
937 1 -1 -2
941 0 -1 -2
947 0 1 -2
953 0 -1 -2
967 5 -1 -3
971 4 -1 -3
977 4 1 -3
983 4 -1 -3
991 3 -1 -3
997 3 1 -3
