1231 5 1 -5
1237 5 -1 -5
1249 5 1 -5
1259 0 1 -4
1277 0 -1 -4
1279 5 -1 -5
1283 4 -1 -5
1289 4 1 -5
1291 5 1 -5
1297 5 -1 -5
1301 4 -1 -5
1303 3 -1 -5
1307 2 -1 -5
1319 2 1 -5
1321 3 1 -5
1327 3 -1 -5
1361 2 -1 -5
1367 2 1 -5
1373 2 -1 -5
1381 1 -1 -5
1399 1 1 -5
1409 2 1 -5
1423 3 1 -5
1427 4 1 -5
1429 5 1 -5
1433 0 1 -4
1439 0 -1 -4
1447 5 -1 -5
1451 4 -1 -5
1453 3 -1 -5
1459 3 1 -5
1471 3 -1 -5
1481 2 -1 -5
1483 1 -1 -5
1487 0 -1 -5
1489 5 -1 -6
1493 4 -1 -6
1499 4 1 -6
1511 4 -1 -6
1523 4 1 -6
1531 5 1 -6
1543 5 -1 -6
1549 5 1 -6
1553 0 1 -5
1559 0 -1 -5
1567 5 -1 -6
1571 4 -1 -6
1579 3 -1 -6
1583 2 -1 -6
1597 1 -1 -6
1601 0 -1 -6
1607 0 1 -6
1609 1 1 -6
1613 2 1 -6
1619 2 -1 -6
1621 1 -1 -6
1627 1 1 -6
1637 2 1 -6
1657 3 1 -6
1663 3 -1 -6
1667 2 -1 -6
1669 1 -1 -6
1693 1 1 -6
1697 2 1 -6
1699 3 1 -6
1709 4 1 -6
1721 4 -1 -6
1723 3 -1 -6
1733 2 -1 -6
1741 1 -1 -6
1747 1 1 -6
1753 1 -1 -6
1759 1 1 -6
1777 1 -1 -6
1783 1 1 -6
1787 2 1 -6
1789 3 1 -6
1801 3 -1 -6
1811 2 -1 -6
1823 2 1 -6
1831 3 1 -6
1847 4 1 -6
1861 5 1 -6
1867 5 -1 -6
1871 4 -1 -6
1873 3 -1 -6
1877 2 -1 -6
1879 1 -1 -6
1889 0 -1 -6
1901 0 1 -6
1907 0 -1 -6
1913 0 1 -6
1931 0 -1 -6
1933 5 -1 -7
1949 4 -1 -7
1951 3 -1 -7
1973 2 -1 -7
1979 2 1 -7
1987 3 1 -7
1993 3 -1 -7
1997 2 -1 -7
1999 1 -1 -7
2003 0 -1 -7
2011 5 -1 -8
2017 5 1 -8
2027 0 1 -7
2029 1 1 -7
2039 2 1 -7
2053 3 1 -7
2063 4 1 -7
2069 4 -1 -7
2081 4 1 -7
2083 5 1 -7
2087 0 1 -6
2089 1 1 -6
2099 2 1 -6
2111 2 -1 -6
2113 1 -1 -6
2129 0 -1 -6
2131 5 -1 -7
2137 5 1 -7
2141 0 1 -6
2143 1 1 -6
2153 2 1 -6
2161 3 1 -6
2179 3 -1 -6
2203 3 1 -6
2207 4 1 -6
2213 4 -1 -6
2221 3 -1 -6
2237 2 -1 -6
2239 1 -1 -6
2243 0 -1 -6
2251 5 -1 -7
2267 4 -1 -7
2269 3 -1 -7
2273 2 -1 -7
2281 1 -1 -7
2287 1 1 -7
2293 1 -1 -7
2297 0 -1 -7
2309 0 1 -7
2311 1 1 -7
2333 2 1 -7
2339 2 -1 -7
2341 1 -1 -7
2347 1 1 -7
2351 2 1 -7
2357 2 -1 -7
2371 1 -1 -7
2377 1 1 -7
2381 2 1 -7
2383 3 1 -7
2389 3 -1 -7
2393 2 -1 -7
2399 2 1 -7
2411 2 -1 -7
2417 2 1 -7
2423 2 -1 -7
2437 1 -1 -7
2441 0 -1 -7
2447 0 1 -7
2459 0 -1 -7
2467 5 -1 -8
2473 5 1 -8
2477 0 1 -7
2503 1 1 -7
2521 1 -1 -7
2531 0 -1 -7
2539 5 -1 -8
2543 4 -1 -8
2549 4 1 -8
2551 5 1 -8
2557 5 -1 -8
2579 4 -1 -8
2591 4 1 -8
2593 5 1 -8
2609 0 1 -7
2617 1 1 -7
2621 2 1 -7
2633 2 -1 -7
2647 1 -1 -7
2657 0 -1 -7
2659 5 -1 -8
2663 4 -1 -8
2671 3 -1 -8
2677 3 1 -8
2683 3 -1 -8
2687 2 -1 -8
2689 1 -1 -8
2693 0 -1 -8
2699 0 1 -8
2707 1 1 -8
2711 2 1 -8
2713 3 1 -8
2719 3 -1 -8
2729 2 -1 -8
2731 1 -1 -8
2741 0 -1 -8
2749 5 -1 -9
2753 4 -1 -9
2767 3 -1 -9
2777 2 -1 -9
2789 2 1 -9
2791 3 1 -9
2797 3 -1 -9
2801 2 -1 -9
2803 1 -1 -9
2819 0 -1 -9
2833 5 -1 -10
2837 4 -1 -10
2843 4 1 -10
2851 5 1 -10
2857 5 -1 -10
2861 4 -1 -10
2879 4 1 -10
2887 5 1 -10
2897 0 1 -9
2903 0 -1 -9
2909 0 1 -9
2917 1 1 -9
2927 2 1 -9
2939 2 -1 -9
2953 1 -1 -9
2957 0 -1 -9
2963 0 1 -9
2969 0 -1 -9
2971 5 -1 -10
2999 4 -1 -10
3001 3 -1 -10
3011 2 -1 -10
3019 1 -1 -10
3023 0 -1 -10
3037 5 -1 -11
3041 4 -1 -11
3049 3 -1 -11
3061 3 1 -11
3067 3 -1 -11
3079 3 1 -11
3083 4 1 -11
3089 4 -1 -11
3109 3 -1 -11
3119 2 -1 -11
3121 1 -1 -11
3137 0 -1 -11
3163 5 -1 -12
3167 4 -1 -12
3169 3 -1 -12
3181 3 1 -12
3187 3 -1 -12
3191 2 -1 -12
3203 2 1 -12
3209 2 -1 -12
3217 1 -1 -12
3221 0 -1 -12
3229 5 -1 -13
3251 4 -1 -13
3253 3 -1 -13
3257 2 -1 -13
3259 1 -1 -13
3271 1 1 -13
3299 2 1 -13
3301 3 1 -13
3307 3 -1 -13
3313 3 1 -13
3319 3 -1 -13
3323 2 -1 -13
3329 2 1 -13
3331 3 1 -13
3343 3 -1 -13
3347 2 -1 -13
3359 2 1 -13
3361 3 1 -13
3371 4 1 -13
3373 5 1 -13
3389 0 1 -12
3391 1 1 -12
3407 2 1 -12
3413 2 -1 -12
3433 1 -1 -12
3449 0 -1 -12
3457 5 -1 -13
3461 4 -1 -13
3463 3 -1 -13
3467 2 -1 -13
3469 1 -1 -13
3491 0 -1 -13
3499 5 -1 -14
3511 5 1 -14
3517 5 -1 -14
3527 4 -1 -14
3529 3 -1 -14
3533 2 -1 -14
3539 2 1 -14
3541 3 1 -14
3547 3 -1 -14
3557 2 -1 -14
3559 1 -1 -14
3571 1 1 -14
3581 2 1 -14
3583 3 1 -14
3593 4 1 -14
3607 5 1 -14
3613 5 -1 -14
3617 4 -1 -14
3623 4 1 -14
3631 5 1 -14
3637 5 -1 -14
3643 5 1 -14
3659 0 1 -13
3671 0 -1 -13
3673 5 -1 -14
3677 4 -1 -14
3691 3 -1 -14
3697 3 1 -14
3701 4 1 -14
3709 5 1 -14
3719 0 1 -13
3727 1 1 -13
3733 1 -1 -13
3739 1 1 -13
3761 2 1 -13
3767 2 -1 -13
3769 1 -1 -13
3779 0 -1 -13
3793 5 -1 -14
3797 4 -1 -14
3803 4 1 -14
3821 4 -1 -14
3823 3 -1 -14
3833 2 -1 -14
3847 1 -1 -14
3851 0 -1 -14
3853 5 -1 -15
3863 4 -1 -15
3877 3 -1 -15
3881 2 -1 -15
3889 1 -1 -15
3907 1 1 -15
3911 2 1 -15
3917 2 -1 -15
3919 1 -1 -15
3923 0 -1 -15
3929 0 1 -15
3931 1 1 -15
3943 1 -1 -15
3947 0 -1 -15
3967 5 -1 -16
3989 4 -1 -16
4001 4 1 -16
4003 5 1 -16
4007 0 1 -15
4013 0 -1 -15
4019 0 1 -15
4021 1 1 -15
4027 1 -1 -15
4049 0 -1 -15
4051 5 -1 -16
4057 5 1 -16
4073 0 1 -15
4079 0 -1 -15
4091 0 1 -15
4093 1 1 -15
4099 1 -1 -15
4111 1 1 -15
4127 2 1 -15
4129 3 1 -15
4133 4 1 -15
4139 4 -1 -15
4153 3 -1 -15
4157 2 -1 -15
4159 1 -1 -15
4177 1 1 -15
4201 1 -1 -15
4211 0 -1 -15
4217 0 1 -15
4219 1 1 -15
4229 2 1 -15
4231 3 1 -15
4241 4 1 -15
4243 5 1 -15
4253 0 1 -14
4259 0 -1 -14
4261 5 -1 -15
4271 4 -1 -15
4273 3 -1 -15
4283 2 -1 -15
4289 2 1 -15
4297 3 1 -15
4327 3 -1 -15
4337 2 -1 -15
4339 1 -1 -15
4349 0 -1 -15
4357 5 -1 -16
4363 5 1 -16
4373 0 1 -15
4391 0 -1 -15
4397 0 1 -15
4409 0 -1 -15
4421 0 1 -15
4423 1 1 -15
4441 1 -1 -15
4447 1 1 -15
4451 2 1 -15
4457 2 -1 -15
4463 2 1 -15
4481 2 -1 -15
4483 1 -1 -15
4493 0 -1 -15
4507 5 -1 -16
4513 5 1 -16
4517 0 1 -15
4519 1 1 -15
4523 2 1 -15
4547 2 -1 -15
4549 1 -1 -15
4561 1 1 -15
4567 1 -1 -15
4583 0 -1 -15
4591 5 -1 -16
4597 5 1 -16
4603 5 -1 -16
4621 5 1 -16
4637 0 1 -15
4639 1 1 -15
4643 2 1 -15
4649 2 -1 -15
4651 1 -1 -15
4657 1 1 -15
4663 1 -1 -15
4673 0 -1 -15
4679 0 1 -15
4691 0 -1 -15
4703 0 1 -15
4721 0 -1 -15
4723 5 -1 -16
4729 5 1 -16
4733 0 1 -15
4751 0 -1 -15
4759 5 -1 -16
4783 5 1 -16
4787 0 1 -15
4789 1 1 -15
4793 2 1 -15
4799 2 -1 -15
4801 1 -1 -15
4813 1 1 -15
4817 2 1 -15
4831 3 1 -15
4861 3 -1 -15
4871 2 -1 -15
4877 2 1 -15
4889 2 -1 -15
4903 1 -1 -15
4909 1 1 -15
4919 2 1 -15
4931 2 -1 -15
4933 1 -1 -15
4937 0 -1 -15
4943 0 1 -15
4951 1 1 -15
4957 1 -1 -15
4967 0 -1 -15
4969 5 -1 -16
4973 4 -1 -16
4987 3 -1 -16
4993 3 1 -16
4999 3 -1 -16
5003 2 -1 -16
5009 2 1 -16
5011 3 1 -16
5021 4 1 -16
5023 5 1 -16
5039 0 1 -15
5051 0 -1 -15
5059 5 -1 -16
5077 5 1 -16
5081 0 1 -15
5087 0 -1 -15
5099 0 1 -15
5101 1 1 -15
5107 1 -1 -15
5113 1 1 -15
5119 1 -1 -15
5147 0 -1 -15
5153 0 1 -15
5167 1 1 -15
5171 2 1 -15
5179 3 1 -15
5189 4 1 -15
5197 5 1 -15
5209 5 -1 -15
5227 5 1 -15
5231 0 1 -14
5233 1 1 -14
5237 2 1 -14
5261 2 -1 -14
5273 2 1 -14
5279 2 -1 -14
5281 1 -1 -14
5297 0 -1 -14
5303 0 1 -14
5309 0 -1 -14
5323 5 -1 -15
5333 4 -1 -15
5347 3 -1 -15
5351 2 -1 -15
5381 2 1 -15
5387 2 -1 -15
5393 2 1 -15
5399 2 -1 -15
5407 1 -1 -15
5413 1 1 -15
5417 2 1 -15
5419 3 1 -15
5431 3 -1 -15
5437 3 1 -15
5441 4 1 -15
5443 5 1 -15
5449 5 -1 -15
5471 4 -1 -15
5477 4 1 -15
5479 5 1 -15
5483 0 1 -14
5501 0 -1 -14
5503 5 -1 -15
5507 4 -1 -15
5519 4 1 -15
5521 5 1 -15
5527 5 -1 -15
5531 4 -1 -15
5557 3 -1 -15
5563 3 1 -15
5569 3 -1 -15
5573 2 -1 -15
5581 1 -1 -15
5591 0 -1 -15
5623 5 -1 -16
5639 4 -1 -16
5641 3 -1 -16
5647 3 1 -16
5651 4 1 -16
5653 5 1 -16
5657 0 1 -15
5659 1 1 -15
5669 2 1 -15
5683 3 1 -15
5689 3 -1 -15
5693 2 -1 -15
5701 1 -1 -15
5711 0 -1 -15
5717 0 1 -15
5737 1 1 -15
5741 2 1 -15
5743 3 1 -15
5749 3 -1 -15
5779 3 1 -15
5783 4 1 -15
5791 5 1 -15
5801 0 1 -14
5807 0 -1 -14
5813 0 1 -14
5821 1 1 -14
5827 1 -1 -14
5839 1 1 -14
5843 2 1 -14
5849 2 -1 -14
5851 1 -1 -14
5857 1 1 -14
5861 2 1 -14
5867 2 -1 -14
5869 1 -1 -14
5879 0 -1 -14
5881 5 -1 -15
5897 4 -1 -15
5903 4 1 -15
5923 5 1 -15
5927 0 1 -14
5939 0 -1 -14
5953 5 -1 -15
5981 4 -1 -15
5987 4 1 -15
6007 5 1 -15
6011 0 1 -14
6029 0 -1 -14
6037 5 -1 -15
6043 5 1 -15
6047 0 1 -14
6053 0 -1 -14
6067 5 -1 -15
6073 5 1 -15
6079 5 -1 -15
6089 4 -1 -15
6091 3 -1 -15
6101 2 -1 -15
6113 2 1 -15
6121 3 1 -15
6131 4 1 -15
6133 5 1 -15
6143 0 1 -14
6151 1 1 -14
6163 1 -1 -14
6173 0 -1 -14
6197 0 1 -14
6199 1 1 -14
6203 2 1 -14
6211 3 1 -14
6217 3 -1 -14
6221 2 -1 -14
6229 1 -1 -14
6247 1 1 -14
6257 2 1 -14
6263 2 -1 -14
6269 2 1 -14
6271 3 1 -14
6277 3 -1 -14
6287 2 -1 -14
6299 2 1 -14
6301 3 1 -14
6311 4 1 -14
6317 4 -1 -14
6323 4 1 -14
6329 4 -1 -14
6337 3 -1 -14
6343 3 1 -14
6353 4 1 -14
6359 4 -1 -14
6361 3 -1 -14
6367 3 1 -14
6373 3 -1 -14
6379 3 1 -14
6389 4 1 -14
6397 5 1 -14
6421 5 -1 -14
6427 5 1 -14
6449 0 1 -13
6451 1 1 -13
6469 1 -1 -13
6473 0 -1 -13
6481 5 -1 -14
6491 4 -1 -14
6521 4 1 -14
6529 5 1 -14
6547 5 -1 -14
6551 4 -1 -14
6553 3 -1 -14
6563 2 -1 -14
6569 2 1 -14
6571 3 1 -14
6577 3 -1 -14
6581 2 -1 -14
6599 2 1 -14
6607 3 1 -14
6619 3 -1 -14
6637 3 1 -14
6653 4 1 -14
6659 4 -1 -14
6661 3 -1 -14
6673 3 1 -14
6679 3 -1 -14
6689 2 -1 -14
6691 1 -1 -14
6701 0 -1 -14
6703 5 -1 -15
6709 5 1 -15
6719 0 1 -14
6733 1 1 -14
6737 2 1 -14
6761 2 -1 -14
6763 1 -1 -14
6779 0 -1 -14
6781 5 -1 -15
6791 4 -1 -15
6793 3 -1 -15
6803 2 -1 -15
6823 1 -1 -15
6827 0 -1 -15
6829 5 -1 -16
6833 4 -1 -16
6841 3 -1 -16
6857 2 -1 -16
6863 2 1 -16
6869 2 -1 -16
6871 1 -1 -16
6883 1 1 -16
6899 2 1 -16
6907 3 1 -16
6911 4 1 -16
6917 4 -1 -16
6947 4 1 -16
6949 5 1 -16
6959 0 1 -15
6961 1 1 -15
6967 1 -1 -15
6971 0 -1 -15
6977 0 1 -15
6983 0 -1 -15
6991 5 -1 -16
6997 5 1 -16
7001 0 1 -15
7013 0 -1 -15
7019 0 1 -15
7027 1 1 -15
7039 1 -1 -15
7043 0 -1 -15
7057 5 -1 -16
7069 5 1 -16
7079 0 1 -15
7103 0 -1 -15
7109 0 1 -15
7121 0 -1 -15
7127 0 1 -15
7129 1 1 -15
7151 2 1 -15
7159 3 1 -15
7177 3 -1 -15
7187 2 -1 -15
7193 2 1 -15
7207 3 1 -15
7211 4 1 -15
7213 5 1 -15
7219 5 -1 -15
7229 4 -1 -15
7237 3 -1 -15
7243 3 1 -15
7247 4 1 -15
7253 4 -1 -15
7283 4 1 -15
7297 5 1 -15
7307 0 1 -14
7309 1 1 -14
7321 1 -1 -14
7331 0 -1 -14
7333 5 -1 -15
7349 4 -1 -15
7351 3 -1 -15
7369 3 1 -15
7393 3 -1 -15
7411 3 1 -15
7417 3 -1 -15
7433 2 -1 -15
7451 2 1 -15
7457 2 -1 -15
7459 1 -1 -15
7477 1 1 -15
7481 2 1 -15
7487 2 -1 -15
7489 1 -1 -15
7499 0 -1 -15
7507 5 -1 -16
7517 4 -1 -16
7523 4 1 -16
7529 4 -1 -16
7537 3 -1 -16
7541 2 -1 -16
7547 2 1 -16
7549 3 1 -16
7559 4 1 -16
7561 5 1 -16
7573 5 -1 -16
7577 4 -1 -16
7583 4 1 -16
7589 4 -1 -16
7591 3 -1 -16
7603 3 1 -16
7607 4 1 -16
7621 5 1 -16
7639 5 -1 -16
7643 4 -1 -16
7649 4 1 -16
7669 5 1 -16
7673 0 1 -15
7681 1 1 -15
7687 1 -1 -15
7691 0 -1 -15
7699 5 -1 -16
7703 4 -1 -16
7717 3 -1 -16
7723 3 1 -16
7727 4 1 -16
7741 5 1 -16
7753 5 -1 -16
7757 4 -1 -16
7759 3 -1 -16
7789 3 1 -16
7793 4 1 -16
7817 4 -1 -16
7823 4 1 -16
7829 4 -1 -16
7841 4 1 -16
7853 4 -1 -16
7867 3 -1 -16
7873 3 1 -16
7877 4 1 -16
7879 5 1 -16
7883 0 1 -15
7901 0 -1 -15
7907 0 1 -15
7919 0 -1 -15
7927 5 -1 -16
